Grid 01
000000000
009805100
051907420
290401065
000000000
140508093
026709580
005103600
000000000
Grid 02
608070502
050608070
002000300
500090006
040302050
800050003
005000200
010704090
409060701
Grid 03
006080300
049070250
000405000
600317004
007000800
100826009
000702000
075040190
003090600
Grid 04
005080700
700204005
320000084
060105040
008000500
070803010
450000091
600508007
003010600
Grid 05
000602000
400050001
085010620
038206710
000000000
019407350
026040530
900020007
000809000
Grid 06
050010040
107000602
000905000
208030501
040070020
901080406
000401000
304000709
020060010
Grid 07
020030090
000907000
900208005
004806500
607000208
003102900
800605007
000309000
030020050
Grid 08
053000790
009753400
100000002
090080010
000907000
080030070
500000003
007641200
061000940
Grid 09
000900800
128006400
070800060
800430007
500000009
600079008
090004010
003600284
001007000
Grid 10
000080000
270000054
095000810
009806400
020403060
006905100
017000620
460000038
000090000