Grid 01
483921657
967345821
251876493
548132976
729564138
136798245
372689514
814253769
695417382
Grid 02
245986371
169273584
837541269
976125438
513498726
482736915
391657842
728349156
654812793
Grid 03
462831957
795426183
381795426
173984265
659312748
248567319
926178534
834259671
517643892
Grid 04
139852647
728314569
465789312
673542981
912683754
548197236
254976198
391428675
786165423
Grid 05
523819746
748563129
691472835
239145687
457298613
168637254
312784569
985621478
476951392
Grid 06
176923584
524817639
893654271
957348162
638192457
412765398
269581743
781236945
345971826
Grid 07
143789256
679452381
285631794
962314578
357698412
418275963
826547139
791823645
534196827
Grid 08
483156972
652798431
915372864
846519273
293784156
571263849
124985697
738941625
469227318
Grid 09
164985732
859123476
237546168
918672354
576834291
342191285
691258547
785439621
423717689
Grid 10
561924873
924738165
138465927
753681249
894312651
216549738
689173542
342857196
575296814