Grid 01
782614359
439825176
651937428
293471865
568392714
147568293
326749581
975183642
814256937
Grid 02
698173542
354628179
172549368
531897426
946312857
827456913
765931284
213784695
489265731
Grid 03
526289347
849173256
732465918
698317524
327954861
154826739
961732485
275648193
483591672
Grid 04
945681723
781234965
326759184
269175348
138942576
574863219
457326891
612598437
893417652
Grid 05
193672485
462358971
785914623
538296714
674135298
219487356
826741539
941523867
357869142
Grid 06
852716943
197843652
463925187
278634591
645179328
931582476
786491235
314258769
529367814
Grid 07
428531796
365947182
971268435
214896573
697453218
583172964
849615327
752389641
136724859
Grid 08
453218796
629753481
178496532
796582314
314967825
285134679
542879163
937641258
861325947
Grid 09
365942871
128756493
974813562
819435627
537268149
642179358
296384715
753691284
481527936
Grid 10
134587296
278169354
695234817
359816472
821473569
746925183
917348625
462751938
583692741