Grid 01
483921657
967345821
251876493
548132976
729564138
136798245
372689514
814253769
695417382
Grid 02
245981376
169273584
837564219
976135428
513428697
482796135
391657842
728349561
654812793
Grid 03
462831957
795426183
381795426
173984265
659312748
248567319
926178534
834259671
517643892
Grid 04
137256849
928314576
465897312
673542981
819673254
542189637
256431798
391728465
784965123
Grid 05
523816749
746593128
198472835
239145687
457268913
861739254
312987564
985624371
674351092
Grid 06
176923584
524817639
893654271
957348162
638192457
412765398
265489713
781236945
349571826
Grid 07
143986257
659427831
278351694
962534178
375618429
814279563
821765349
796143285
534892716
Grid 08
483156972
762948351
915372864
847519236
239784125
651263749
124835697
378491653
596627418
Grid 09
176954382
852123479
934876165
918267543
275341896
643598215
391682754
567439821
428715936
Grid 10
751986243
926743168
834215697
365874929
174392685
289561374
697128435
413657916
542639871